-0.412000 0.412000 0.000000 801.973328 246.960175
-0.250000 0.412000 0.000000 1236.664673 252.045639
-0.250000 0.250000 0.000000 1191.102661 578.223633
-0.412000 0.250000 0.000000 731.689575 575.390930
0.250000 0.412000 0.000000 2563.093018 278.624817
0.412000 0.412000 0.000000 2985.502686 276.323090
0.412000 0.250000 0.000000 3066.830322 602.774597
0.250000 0.250000 0.000000 2617.397461 602.612610
-0.412000 -0.250000 0.000000 439.116913 1934.548340
-0.250000 -0.250000 0.000000 1027.023804 1932.811890
-0.250000 -0.412000 0.000000 950.431335 2541.718262
-0.412000 -0.412000 0.000000 300.592316 2551.723389
0.250000 -0.250000 0.000000 2838.913818 1951.828125
0.412000 -0.250000 0.000000 3404.836182 1945.424072
0.412000 -0.412000 0.000000 3556.738037 2548.921631
0.250000 -0.412000 0.000000 2925.460449 2555.208984
-0.412000 0.412000 0.000000 2307.385742 73.034103
-0.250000 0.412000 0.000000 2501.308838 299.563232
-0.250000 0.250000 0.000000 2167.086426 424.387787
-0.412000 0.250000 0.000000 1986.966675 187.651825
0.250000 0.412000 0.000000 3227.315186 1189.705688
0.412000 0.412000 0.000000 3534.401611 1543.035767
0.412000 0.250000 0.000000 3157.219482 1758.469727
0.250000 0.250000 0.000000 2862.202148 1377.840698
-0.412000 -0.250000 0.000000 872.455750 585.573242
-0.250000 -0.250000 0.000000 1010.096252 873.601929
-0.250000 -0.412000 0.000000 584.737671 1039.180908
-0.412000 -0.412000 0.000000 463.534790 733.780334
0.250000 -0.250000 0.000000 1544.503174 2041.508789
0.412000 -0.250000 0.000000 1776.642090 2529.485596
0.412000 -0.412000 0.000000 1245.452637 2812.154297
0.250000 -0.412000 0.000000 1039.475952 2290.998291
-0.412000 0.412000 0.000000 3010.073486 506.028473
-0.250000 0.412000 0.000000 3029.478760 823.596985
-0.250000 0.250000 0.000000 2594.644287 782.284546
-0.412000 0.250000 0.000000 2602.197754 471.746887
0.250000 0.412000 0.000000 3065.250000 2124.788330
0.412000 0.412000 0.000000 3102.631836 2693.813965
0.412000 0.250000 0.000000 2515.396240 2637.822510
0.250000 0.250000 0.000000 2524.677734 2076.368408
-0.412000 -0.250000 0.000000 1364.982300 367.700226
-0.250000 -0.250000 0.000000 1277.156494 670.970215
-0.250000 -0.412000 0.000000 863.753784 636.447510
-0.412000 -0.412000 0.000000 971.222778 338.985291
0.250000 -0.250000 0.000000 897.845337 1916.659058
0.412000 -0.250000 0.000000 747.968994 2454.174316
0.412000 -0.412000 0.000000 187.092392 2391.916504
0.250000 -0.412000 0.000000 387.976959 1860.360840
-0.412000 0.412000 0.000000 3423.763672 1903.357178
-0.250000 0.412000 0.000000 2970.347900 2046.003052
-0.250000 0.250000 0.000000 2758.795166 1604.828613
-0.412000 0.250000 0.000000 3184.560059 1482.459106
0.250000 0.412000 0.000000 1378.959106 2491.469971
0.412000 0.412000 0.000000 819.728882 2668.381836
0.412000 0.250000 0.000000 750.470947 2137.697510
0.250000 0.250000 0.000000 1265.879395 1986.140991
-0.412000 -0.250000 0.000000 2612.226562 483.541779
-0.250000 -0.250000 0.000000 2246.970459 561.825867
-0.250000 -0.412000 0.000000 2123.073730 305.195343
-0.412000 -0.412000 0.000000 2466.496094 233.565018
0.250000 -0.250000 0.000000 1008.418030 817.121338
0.412000 -0.250000 0.000000 589.232910 912.259766
0.412000 -0.412000 0.000000 553.556641 613.164062
0.250000 -0.412000 0.000000 953.241882 532.350159
-0.412000 0.412000 0.000000 3211.945557 2549.923096
-0.250000 0.412000 0.000000 2645.698242 2550.240234
-0.250000 0.250000 0.000000 2593.260742 2008.703857
-0.412000 0.250000 0.000000 3109.705566 2006.105347
0.250000 0.412000 0.000000 894.948242 2502.111816
0.412000 0.412000 0.000000 330.118103 2512.413818
0.412000 0.250000 0.000000 462.667114 1975.212769
0.250000 0.250000 0.000000 972.176697 1968.835937
-0.412000 -0.250000 0.000000 2873.437744 769.090881
-0.250000 -0.250000 0.000000 2457.811035 767.933044
-0.250000 -0.412000 0.000000 2429.206787 470.215912
-0.412000 -0.412000 0.000000 2815.548096 469.384674
0.250000 -0.250000 0.000000 1155.716919 751.243286
0.412000 -0.250000 0.000000 750.104614 754.329590
0.412000 -0.412000 0.000000 823.873291 458.739655
0.250000 -0.412000 0.000000 1208.309082 457.425385
-0.412000 0.412000 0.000000 2144.526367 2832.336426
-0.250000 0.412000 0.000000 1731.759277 2453.580322
-0.250000 0.250000 0.000000 2077.316162 2061.098633
-0.412000 0.250000 0.000000 2484.763672 2400.027832
0.250000 0.412000 0.000000 725.061462 1472.513062
0.412000 0.412000 0.000000 448.974091 1226.229126
0.412000 0.250000 0.000000 792.438110 966.057312
0.250000 0.250000 0.000000 1070.785767 1186.429077
-0.412000 -0.250000 0.000000 3289.731689 1338.012695
-0.250000 -0.250000 0.000000 2917.423096 1098.908936
-0.250000 -0.412000 0.000000 3135.724854 853.996643
-0.412000 -0.412000 0.000000 3502.058105 1066.901855
0.250000 -0.250000 0.000000 1940.009277 460.550323
0.412000 -0.250000 0.000000 1672.111572 293.433960
0.412000 -0.412000 0.000000 1909.360962 116.595894
0.250000 -0.412000 0.000000 2176.822266 271.454559
-0.412000 0.412000 0.000000 959.833374 2698.092041
-0.250000 0.412000 0.000000 922.431580 2160.491455
-0.250000 0.250000 0.000000 1437.319092 2049.917480
-0.412000 0.250000 0.000000 1511.230347 2574.037109
0.250000 0.412000 0.000000 862.016663 873.642090
0.412000 0.412000 0.000000 832.581604 557.101624
0.412000 0.250000 0.000000 1231.419312 486.742035
0.250000 0.250000 0.000000 1283.930908 795.001038
-0.412000 -0.250000 0.000000 3114.008057 2187.590820
-0.250000 -0.250000 0.000000 2939.391602 1715.413086
-0.250000 -0.412000 0.000000 3392.834229 1618.766724
-0.412000 -0.412000 0.000000 3606.451172 2079.594238
0.250000 -0.250000 0.000000 2526.397949 558.306030
0.412000 -0.250000 0.000000 2416.551758 274.178833
0.412000 -0.412000 0.000000 2777.830811 211.837341
0.250000 -0.412000 0.000000 2907.061523 493.878052
-0.412000 0.412000 0.000000 475.197205 2375.973877
-0.250000 0.412000 0.000000 602.407898 1874.001343
-0.250000 0.250000 0.000000 1088.455933 1888.615723
-0.412000 0.250000 0.000000 1000.011597 2394.510010
0.250000 0.412000 0.000000 923.001221 683.820923
0.412000 0.412000 0.000000 990.127563 386.954041
0.412000 0.250000 0.000000 1370.914917 386.849426
0.250000 0.250000 0.000000 1325.043457 684.283264
-0.412000 -0.250000 0.000000 2663.723389 2433.546387
-0.250000 -0.250000 0.000000 2635.530029 1915.097534
-0.250000 -0.412000 0.000000 3147.688232 1930.170410
-0.412000 -0.412000 0.000000 3215.553955 2452.091064
0.250000 -0.250000 0.000000 2590.032227 683.535400
0.412000 -0.250000 0.000000 2570.329834 383.268341
0.412000 -0.412000 0.000000 2963.036377 385.889221
0.250000 -0.412000 0.000000 3007.092041 692.290649
-0.412000 0.412000 0.000000 307.457367 1297.711914
-0.250000 0.412000 0.000000 645.762512 1017.975586
-0.250000 0.250000 0.000000 920.236877 1236.888672
-0.412000 0.250000 0.000000 581.242981 1539.933838
0.250000 0.412000 0.000000 1541.273315 293.576141
0.412000 0.412000 0.000000 1777.553589 90.990234
0.412000 0.250000 0.000000 2056.882568 237.564896
0.250000 0.250000 0.000000 1821.599365 453.198975
-0.412000 -0.250000 0.000000 1620.087646 2441.985352
-0.250000 -0.250000 0.000000 1959.391846 2038.552246
-0.250000 -0.412000 0.000000 2368.811768 2367.905029
-0.412000 -0.412000 0.000000 2033.876221 2806.593750
0.250000 -0.250000 0.000000 2843.169922 1033.105957
0.412000 -0.250000 0.000000 3064.991943 767.132568
0.412000 -0.412000 0.000000 3446.214844 971.216492
0.250000 -0.412000 0.000000 3230.519531 1263.932495
-0.412000 0.412000 0.000000 648.810913 544.118652
-0.250000 0.412000 0.000000 1056.605713 472.299744
-0.250000 0.250000 0.000000 1110.987915 774.251160
-0.412000 0.250000 0.000000 681.667236 855.819336
0.250000 0.412000 0.000000 2240.200195 276.917542
0.412000 0.412000 0.000000 2593.142822 210.249130
0.412000 0.250000 0.000000 2738.845215 476.177643
0.250000 0.250000 0.000000 2367.405762 550.187195
-0.412000 -0.250000 0.000000 821.899902 2112.943115
-0.250000 -0.250000 0.000000 1351.872803 1981.945190
-0.250000 -0.412000 0.000000 1449.321167 2507.298828
-0.412000 -0.412000 0.000000 880.511292 2658.726562
0.250000 -0.250000 0.000000 2870.801025 1631.996460
0.412000 -0.250000 0.000000 3309.501953 1521.441528
0.412000 -0.412000 0.000000 3546.334229 1961.713501
0.250000 -0.412000 0.000000 3075.260742 2093.442383
-0.412000 0.412000 0.000000 1152.614868 279.602173
-0.250000 0.412000 0.000000 1526.135620 307.173615
-0.250000 0.250000 0.000000 1446.402954 602.760437
-0.412000 0.250000 0.000000 1052.524780 566.329346
0.250000 0.412000 0.000000 2753.102783 421.219116
0.412000 0.412000 0.000000 3157.520020 448.624390
0.412000 0.250000 0.000000 3183.173096 772.188171
0.250000 0.250000 0.000000 2752.374512 737.045593
-0.412000 -0.250000 0.000000 653.996765 1734.078491
-0.250000 -0.250000 0.000000 1138.057739 1793.255371
-0.250000 -0.412000 0.000000 999.782043 2302.801270
-0.412000 -0.412000 0.000000 484.393005 2229.421631
0.250000 -0.250000 0.000000 2737.898682 2019.042603
0.412000 -0.250000 0.000000 3278.092773 2085.297852
0.412000 -0.412000 0.000000 3310.088867 2647.786865
0.250000 -0.412000 0.000000 2721.183838 2568.883057
-0.412000 0.412000 0.000000 2093.576660 84.554749
-0.250000 0.412000 0.000000 2335.335449 276.717346
-0.250000 0.250000 0.000000 2056.155273 451.257904
-0.412000 0.250000 0.000000 1820.239868 245.829865
0.250000 0.412000 0.000000 3207.498291 1002.124084
0.412000 0.412000 0.000000 3555.759766 1274.202759
0.412000 0.250000 0.000000 3281.121094 1536.926514
0.250000 0.250000 0.000000 2933.140625 1239.302734
-0.412000 -0.250000 0.000000 837.597290 828.341309
-0.250000 -0.250000 0.000000 1061.321899 1090.851562
-0.250000 -0.412000 0.000000 680.732605 1334.640503
-0.412000 -0.412000 0.000000 467.363342 1051.814819
0.250000 -0.250000 0.000000 1902.657593 2110.435303
0.412000 -0.250000 0.000000 2246.554443 2514.962646
0.412000 -0.412000 0.000000 1830.628662 2892.143799
0.250000 -0.412000 0.000000 1492.240234 2453.762451
-0.412000 0.412000 0.000000 2766.768799 233.987961
-0.250000 0.412000 0.000000 2895.723145 521.625427
-0.250000 0.250000 0.000000 2510.914551 587.078979
-0.412000 0.250000 0.000000 2401.343750 295.372467
0.250000 0.412000 0.000000 3369.244873 1651.797119
0.412000 0.412000 0.000000 3585.062012 2112.495605
0.412000 0.250000 0.000000 3104.578857 2234.033447
0.250000 0.250000 0.000000 2921.472168 1759.297607
-0.412000 -0.250000 0.000000 1205.564331 493.748749
-0.250000 -0.250000 0.000000 1253.929688 815.487671
-0.250000 -0.412000 0.000000 824.513184 892.340576
-0.412000 -0.412000 0.000000 798.145142 565.702026
0.250000 -0.250000 0.000000 1423.576172 2102.879150
0.412000 -0.250000 0.000000 1504.548828 2634.999268
0.412000 -0.412000 0.000000 949.280762 2765.302734
0.250000 -0.412000 0.000000 904.240967 2216.994385
-0.412000 0.412000 0.000000 3241.892578 301.957581
-0.250000 0.412000 0.000000 3276.043945 724.599548
-0.250000 0.250000 0.000000 2795.864746 714.585266
-0.412000 0.250000 0.000000 2775.239258 299.325592
0.250000 0.412000 0.000000 3375.500977 2251.361572
0.412000 0.412000 0.000000 3441.114014 2838.348389
0.412000 0.250000 0.000000 2865.892090 2830.258789
0.250000 0.250000 0.000000 2832.702637 2250.805420
-0.412000 -0.250000 0.000000 1346.581909 282.357208
-0.250000 -0.250000 0.000000 1310.556274 701.531067
-0.250000 -0.412000 0.000000 834.637329 695.980957
-0.412000 -0.412000 0.000000 883.413086 278.623230
0.250000 -0.250000 0.000000 1155.986694 2239.045166
0.412000 -0.250000 0.000000 1109.477417 2817.127197
0.412000 -0.412000 0.000000 540.933411 2810.857422
0.250000 -0.412000 0.000000 618.931213 2226.375732
-0.412000 0.412000 0.000000 846.708008 264.336914
-0.250000 0.412000 0.000000 1283.871338 269.630157
-0.250000 0.250000 0.000000 1245.968262 650.441711
-0.412000 0.250000 0.000000 793.169067 646.137756
0.250000 0.412000 0.000000 2642.791992 303.848633
0.412000 0.412000 0.000000 3082.347656 300.489197
0.412000 0.250000 0.000000 3135.174561 686.774048
0.250000 0.250000 0.000000 2677.550049 686.523499
-0.412000 -0.250000 0.000000 592.901428 2078.089600
-0.250000 -0.250000 0.000000 1124.260254 2086.487549
-0.250000 -0.412000 0.000000 1073.394653 2657.704346
-0.412000 -0.412000 0.000000 507.159821 2654.349854
0.250000 -0.250000 0.000000 2803.736816 2135.351563
0.412000 -0.250000 0.000000 3339.192139 2138.386230
0.412000 -0.412000 0.000000 3421.211182 2721.518555
0.250000 -0.412000 0.000000 2843.031982 2711.563232
-0.412000 0.412000 0.000000 970.918457 334.905121
-0.250000 0.412000 0.000000 1373.745728 338.661224
-0.250000 0.250000 0.000000 1319.228271 626.859985
-0.412000 0.250000 0.000000 889.355957 620.754822
0.250000 0.412000 0.000000 2639.693604 365.424683
0.412000 0.412000 0.000000 3050.531738 364.291931
0.412000 0.250000 0.000000 3129.607178 658.666199
0.250000 0.250000 0.000000 2689.016602 656.484863
-0.412000 -0.250000 0.000000 543.797852 1850.144897
-0.250000 -0.250000 0.000000 1106.161133 1860.234619
-0.250000 -0.412000 0.000000 1002.568848 2434.343018
-0.412000 -0.412000 0.000000 377.463623 2423.271729
0.250000 -0.250000 0.000000 2898.965820 1917.656006
0.412000 -0.250000 0.000000 3474.733398 1924.881592
0.412000 -0.412000 0.000000 3637.243896 2518.763184
0.250000 -0.412000 0.000000 2983.832275 2505.029053
